2 8280
1 1872
3 14640
1 1968
2 16896
2 6912
3 4728
3 1248
2 1056
1 10536
1 16608
2 13992
3 5616
1 10104
1 14280
2 9936
2 17544
3 18312
3 6816
1 4728
1 15384
2 10704
2 7008
2 10488
1 16224
3 3552
3 18384
2 6576
1 1944
2 2352
2 7200
2 7920
1 17928
1 16200
1 15480
2 11712
3 14064
2 4080
1 7656
3 5952
2 10080
2 2112
1 18912
2 13560
2 17352
1 16440
1 2064
1 4008
2 11304
3 16152
1 12072
2 9648
1 13032
3 6600
2 7584
1 7776
1 3840
3 17232
3 20136
1 14568
3 11064
3 11928
3 7128
2 16296
3 3192
3 20712
1 4584
1 15528
3 18816
2 13512
1 11544
2 20112
2 15576
1 2568
1 16752
2 3288
1 3888
1 8496
3 6240
2 4272
2 4944
2 16344
1 8472
1 16656
3 19992
2 17016
1 8976
3 20256
3 14328
1 12048
3 21336
2 2640
1 4104
1 19848
3 3720
2 3384
2 2136
2 14688
1 4488
2 14640
2 8376
3 1464
1 10728
3 16968
2 14472
2 16464
1 1920
2 21192
3 7512
3 7272
2 2520
2 1512
1 13200
2 1800
1 10128
2 1896
1 2832
3 9624
2 13776
3 18480
1 18792
1 14544
1 13584
3 13200
3 11688
3 7560
2 4152
1 16344
2 17400
2 12408
1 14328
1 3984
1 15648
2 18072
2 14784
3 10584
1 16584
1 13848
2 18912
1 18048
3 13344
1 11640
2 15672
2 14040
2 16200
2 9744
3 11088
1 15000
3 17808
1 18936
1 10944
2 960
1 15312
3 11640
3 11376
1 10608
3 17712
2 20520
1 11040
2 3552
1 1272
2 7344
2 912
3 840
1 1848
2 5232
1 12864
3 13920
2 1128
2 15120
1 14688
3 8952
1 5424
2 21168
1 13344
3 3648
1 9144
3 1632
3 20424
3 10920
1 4944
3 9456
2 21096
2 12216
2 21384
1 14112
2 12072
1 20856
2 9480
2 10992
1 11520
3 5688
1 3936
2 15168
1 2376
3 1080
1 768
3 6984
2 16056
2 20928
1 10512
3 6672
1 15144
2 7176
1 11496
3 4752
2 5616
3 5808
1 16176
2 14112
3 14544
3 21192
2 7296
2 20160
3 9192
1 3408
3 1440
2 3768
1 12960
3 13560
2 7560
3 11136
2 17208
2 20472
3 13848
1 2136
2 5664
2 8352
2 2256
3 16872
3 4176
3 16632
1 3384
2 12096
3 16656
2 9000
2 14136
1 13176
1 18288
1 2256
1 15624
1 10224
2 7320
1 5256
2 4416
2 18096
2 4248
3 2832
2 8976
3 2736
3 12744
2 20376
1 3240
1 11160
1 9096
3 14472
1 13416
3 15840
1 8424
1 11328
2 18696
1 5088
1 3312
1 13080
1 11760
1 15576
3 13872
1 10752
1 5400
3 9024
1 15168
3 1752
2 1728
3 912
1 7536
2 15984
2 624
3 960
2 1704
1 3792
2 18672
3 19944
3 3384
1 4656
1 15552
1 2784
3 15768
1 18336
3 12024
1 21120
1 4224
1 672
1 14376
2 14952
3 6864
1 17904
2 15840
2 10560
1 14448
2 9456
3 8760
3 7872
1 20976
1 4800
1 12840
3 4152
2 15336
3 6840
2 15816
1 11088
2 6816
3 14136
1 9552
3 7944
2 1248
3 20280
2 8544
3 10368
3 3480
2 12360
1 2712
1 12984
1 15072
1 14760
3 20232
3 12264
1 9648
3 7656
2 9816
3 5544
2 864
1 1896
3 17208
3 5976
2 3528
2 16176
1 7608
1 21576
2 1536
1 7080
3 13728
2 10752
2 6984
2 5112
2 11640
1 13608
2 11328
3 13704
1 17808
2 8016
1 4128
2 15600
2 7632
3 18288
1 20016
1 7584
3 11784
3 8880
3 17880
1 13632
3 5904
3 9168
1 18600
2 11616
2 4224
2 3432
3 17952
1 13704
2 2808
3 1272
2 15456
3 17256
2 1584
3 11952
1 18528
3 10824
3 16416
2 20352
3 5592
3 17352
2 17784
3 8976
3 6960
3 3048
1 18168
1 1680
3 18600
1 20688
2 3408
3 18504
1 16296
2 20976
1 19008
2 16992
1 8832
1 21288
3 17064
1 18768
3 14160
2 1272
2 20952
1 9048
3 19920
3 11352
2 15888
1 14208
2 6528
1 10656
3 13584
1 13728
3 20808
1 11616
1 4824
1 4968
3 12504
3 1296
2 10728
1 3504
3 12432
2 10800
1 20664
3 13992
2 17136
3 7176
3 6216
3 12288
1 19992
1 11352
2 13392
3 3432
3 4464
2 5328
1 14928
1 4032
2 18600
3 17376
3 6456
1 7032
1 8160
2 15912
3 17592
3 6528
1 12024
3 4104
1 7200
3 1944
3 7392
3 11976
2 13344
3 12840
1 18360
2 11544
3 8472
3 8856
1 17976
1 21240
2 17640
2 5544
1 7512
3 8112
3 3312
2 12552
3 10560
1 7848
2 20856
3 2376
3 18672
2 11160
1 21432
1 16128
1 18864
2 13920
2 1200
2 11736
2 16608
2 11592
3 2040
3 17304
1 14880
1 4848
3 10752
2 21024
3 20832
3 6048
1 11280
2 8184
3 4392
1 20784
1 13392
2 10416
3 16296
1 2232
2 17664
3 11232
1 10032
1 15120
1 18144
1 20328
2 17472
2 7872
3 7344
2 8592
2 11064
1 15840
1 6960
2 8688
3 18912
3 11112
2 14928
2 15552
2 7992
3 17112
2 9576
1 8952
1 8592
1 18024
2 2880
1 18696
2 7704
2 2040
2 7416
1 9984
1 8664
3 14016
3 18192
1 13944
1 16320
3 8592
3 2232
1 5040
2 8880
2 5880
2 20592
2 11952
2 20040
1 13224
2 14904
2 16968
2 5472
2 15432
3 18048
3 4296
1 9408
2 1176
3 8376
3 2592
1 21480
2 15648
3 1104
1 4536
3 14352
2 17232
2 8328
1 20280
3 1320
2 10272
1 744
3 16728
2 19008
3 18360
3 2496
1 13656
2 19704
1 20160
2 2856
2 2616
2 5712
1 3144
3 3984
3 13512
1 5160
1 14232
2 9336
3 2856
2 20136
3 11544
3 5784
1 2544
3 9000
2 21120
3 19800
3 14568
2 17520
1 21264
3 6168
1 2208
3 7440
1 1800
2 11016
1 3072
3 1968
1 13800
3 2568
3 6504
1 13368
3 3144
1 5184
1 21072
1 15408
3 21144
3 3600
3 7680
3 1008
1 8616
2 4872
2 9384
3 21312
2 18936
1 1440
2 12264
2 4824
2 16728
1 8232
1 3960
2 5016
1 14472
3 8568
1 20208
3 13320
1 4248
1 18720
3 16488
1 21048
2 7368
2 10104
1 3336
2 13896
2 21336
3 6552
3 20616
3 1128
2 3864
1 16368
2 1824
2 1080
3 16800
1 3432
1 3912
2 17064
3 7752
3 11280
1 16704
1 17856
2 9312
3 12816
1 11856
3 8208
3 5928
3 11520
3 9096
1 3576
3 13128
3 10992
3 12864
3 2952
1 20184
1 1560
2 5784
3 12312
2 5160
1 1344
1 14064
3 1200
1 13920
2 3912
2 17760
2 11808
3 18744
2 15504
1 7176
2 7512
3 6624
3 11904
1 11184
1 15984
3 8448
3 7008
3 14232
2 20688
3 12624
2 10944
1 10896
2 18960
3 16392
2 3360
2 9288
1 9840
1 10392
1 12000
1 3120
3 12600
3 7896
2 21480
1 21096
3 2016
3 20304
2 7680
2 17376
3 20112
1 1752
1 8808
3 14280
3 11256
2 2208
3 3840
2 20664
3 648
2 2784
3 15744
1 10680
3 20472
2 18720
3 1368
1 15600
1 8088
2 17928
3 10968
1 16872
2 4128
3 9480
2 16368
2 16104
2 14544
3 13632
3 13968
3 6288
3 10680
3 20328
3 15960
2 18480
3 3360
1 9456
3 11328
3 624
2 3624
3 17136
1 20760
3 10392
1 20832
3 3264
3 10704
2 10056
2 4440
1 5112
1 13992
1 11808
2 17328
2 5184
2 14304
3 13800
1 8712
1 14640
1 2856
3 2712
1 11736
1 13248
1 20112
1 20592
3 6792
2 6720
3 21432
3 13896
2 3312
3 17184
1 7968
1 9696
3 10488
2 1632
1 8376
3 20952
3 13824
2 984
1 18072
2 8112
2 7464
2 16488
1 13872
2 12048
2 4632
2 16704
3 8928
2 10200
2 4992
1 9120
3 6888
2 7080
2 11400
1 14784
2 2736
2 18192
2 3264
1 8904
3 11568
1 7464
3 18864
1 10176
1 15720
1 15912
1 13440
2 14256
2 9528
1 1536
3 5880
1 15432
3 16920
3 21024
1 9024
2 13944
1 19872
2 5832
3 18408
1 9384
3 17616
2 3216
3 6144
1 8928
3 13368
3 21216
2 16272
2 4008
3 18840
2 3240
3 18792
1 16560
3 12120
3 20736
3 13488
2 15072
2 672
2 9072
1 912
2 17040
2 18144
2 13872
2 1680
3 12408
2 6648
1 16152
1 18648
1 5496
3 16944
1 8112
3 7968
1 15048
3 6912
1 4560
1 9432
2 18000
1 2352
2 8640
1 1320
3 15720
3 1224
3 14520
3 17640
3 21408
2 10896
1 18576
3 10776
3 2760
1 10248
3 7728
3 12528
1 19776
3 4512
3 20784
2 14208
3 3576
1 4368
1 624
2 18840
2 4560
3 7776
2 18792
3 6192
2 13800
1 3648
3 16680
3 18432
2 6864
2 15792
2 9552
2 3000
2 17880
3 7536
3 3336
1 6936
1 16776
3 7416
1 13896
2 10608
3 1536
1 14400
2 20016
3 21096
3 1656
3 15864
1 21360
2 13608
3 10848
2 2688
1 9720
2 1152
1 10824
2 5136
1 17832
2 9600
3 8064
3 11040
2 5376
2 16680
3 8904
2 14400
3 12720
1 11448
1 1632
2 8784
3 6096
2 17808
2 16248
2 5088
2 888
3 2616
2 4296
2 7944
1 3048
1 2112
2 840
1 19920
1 9192
2 21360
1 2088
3 16368
1 15240
1 19080
1 9288
2 6888
2 20760
2 14856
2 3576
3 14664
3 720
2 7968
1 15672
2 18768
1 11832
1 15768
3 3288
2 7536
1 8184
3 19776
1 5280
3 14592
3 7584
3 1608
3 17400
3 3408
1 18096
1 20544
1 14520
1 8736
3 11808
2 6624
1 2160
2 20544
3 6384
2 5496
2 2832
1 888
2 2304
1 13968
1 21552
1 4080
1 2328
2 17952
3 14712
2 5256
3 12672
2 11880
3 19848
2 16128
1 14664
3 3744
2 2400
2 10032
2 20232
3 9600
2 7440
3 15936
3 864
1 4200
1 20808
1 7728
2 8208
2 19752
2 18504
1 11592
3 15816
2 2496
3 14424
1 2448
3 8160
2 9168
1 2928
2 4848
2 20880
3 11208
1 2016
2 14184
2 19728
2 15240
1 2688
3 17016
3 12216
2 19800
3 17832
2 10440
2 13464
2 16536
1 18384
2 1440
1 15288
2 15360
1 11712
3 2280
1 1728
1 10320
3 2544
3 8280
2 13848
3 18216
3 13608
3 14112
1 20736
2 11136
1 14352
2 3504
3 5448
3 3768
3 18096
3 21240
3 1800
2 14160
3 16992
1 12912
2 12120
1 11136
3 16536
3 16056
3 12648
3 9264
2 11928
2 816
3 6360
3 20352
1 13104
2 9264
1 16272
3 14688
1 16008
1 19800
3 3624
2 7056
3 13032
1 9864
1 11952
3 18144
2 10464
3 11832
3 17856
1 10344
1 19104
3 13152
2 12504
3 8688
2 15288
2 20064
1 5472
1 5448
2 12312
1 7440
1 20904
3 18960
3 6744
2 10512
2 5808
1 21456
2 11496
3 3120
2 10008
2 20184
2 13488
3 3816
3 10896
3 1872
3 4008
3 6024
2 21144
2 14664
1 2760
3 20160
3 20496
3 16224
3 7248
2 12384
1 16896
1 11784
1 21408
3 8832
3 17568
1 11904
3 16704
1 12816
2 17712
1 3024
3 3024
2 1944
2 7104
3 11736
1 12936
3 10656
1 7344
2 20280
1 14088
1 3744
3 21168
2 8760
2 4920
2 7728
2 3144
1 1296
3 13056
3 11184
1 9168
3 4416
2 20088
1 1200
1 18888
2 10248
2 2016
1 9888
1 8760
1 16248
3 19872
3 14208
2 5688
1 15864
3 17664
1 8256
2 9912
1 3360
3 1680
2 3816
2 10632
3 5568
3 11616
3 17472
3 3864
2 5856
2 6840
1 21312
3 18024
1 3864
3 12912
1 10464
1 16728
1 15888
2 7488
3 17688
3 5856
1 7296
3 9120
3 984
2 2760
3 21120
1 18840
2 18408
2 11256
3 9240
2 1848
2 4536
3 15984
1 15744
3 7632
2 1776
3 19752
2 13656
2 7224
2 16656
2 18432
3 4536
3 9576
1 14832
2 14808
1 8568
3 5640
3 14400
1 20568
2 14760
1 8544
1 15024
2 1752
2 18240
1 3768
3 17448
1 984
2 744
1 18000
1 14856
1 5520
3 12096
1 10200
2 7800
3 20448
3 8640
2 6672
1 14952
3 16080
2 8904
1 3816
1 16800
1 8040
3 3504
2 7392
1 10920
2 20208
3 672
2 8400
2 18576
1 3528
1 1080
2 3480
3 2400
1 2472
2 7248
3 15912
2 9696
2 12024
2 5520
3 5712
2 2088
3 2256
2 18552
2 14496
1 10872
3 4056
3 11592
1 1656
3 18168
1 10632
2 12456
1 2520
3 15792
1 5352
3 16776
3 5832
1 19968
2 17304
3 6264
2 3840
3 1488
2 19848
3 7368
3 8328
3 8136
2 17568
1 10056
3 3792
1 13512
1 792
3 19704
1 15960
1 1368
2 14232
2 9768
3 12792
1 16032
3 6720
2 12168
2 1224
1 18504
1 1176
2 13272
1 21504
3 7224
3 19656
1 20640
1 20952
1 12888
2 2472
1 9480
3 6576
3 7080
2 11520
1 13296
1 18408
2 14736
3 6768
3 2928
1 9600
2 14976
2 16944
1 20616
3 2112
3 3696
3 8040
2 15216
3 2976
1 20088
3 2880
2 15312
3 16008
1 816
2 21312
2 18312
3 10608
2 5760
2 11280
3 4680
3 18000
3 1176
2 1656
3 14088
2 4968
2 3672
2 11112
3 13752
2 2568
2 10848
2 10584
3 1848
2 19776
1 7800
2 13584
1 13488
2 8664
3 17280
3 13104
3 16560
3 13272
3 744
3 9360
3 5496
2 8496
2 15024
3 13296
2 2592
1 8328
2 11448
1 13272
2 13632
1 5376
1 13008
1 1032
3 17760
3 8784
1 19032
3 13656
2 10320
3 3216
3 18768
1 1104
2 10128
3 7992
1 7752
2 13248
1 7056
3 13776
2 11832
2 2160
1 13152
2 3048
1 2424
2 1416
3 936
3 1152
2 15480
2 9408
1 11568
3 12552
3 19680
2 20448
1 18240
1 9072
3 1056
3 4584
1 10848
1 20256
3 14616
3 19896
2 1992
1 20520
2 9096
1 12744
2 3888
1 17760
2 7656
1 9504
1 16464
1 18192
1 4896
2 15528
3 8664
3 888
3 17040
2 11856
2 2712
2 20736
3 6072
3 11760
1 21384
1 11424
3 8184
3 7800
3 1704
1 10416
1 18984
1 4704
1 1704
1 3168
3 4368
1 4056
1 4176
1 5136
3 18240
2 16440
2 3192
2 15048
2 10176
2 16320
2 4032
2 7896
1 7224
3 18072
3 11712
2 19032
1 4776
3 13392
3 12888
1 15216
1 1512
2 8808
1 20424
1 11928
3 2520
2 10680
3 5472
2 9720
2 6792
3 16608
1 15360
3 9216
1 10440
1 18480
3 12936
1 11112
1 3000
2 9240
1 14424
3 17328
3 11856
3 3000
2 21456
2 17736
3 12048
3 13440
2 20904
2 16224
3 2064
3 18120
3 16272
3 14304
2 18744
3 10344
3 3912
3 1032
3 9384
1 21216
2 14064
3 792
2 9120
2 768
2 8472
2 5040
1 7896
3 1920
2 20712
2 13320
2 9888
2 2544
2 2976
3 12072
3 8016
1 13824
2 696
3 4080
2 19920
3 9432
3 3240
2 16848
3 20976
2 15720
1 7152
3 1344
2 10536
2 9624
3 12192
2 15744
3 20184
1 9312
3 8520
2 5448
2 10968
1 14712
1 21000
1 7248
1 10008
2 16920
2 7608
1 14160
2 5280
2 5568
3 20088
1 7416
2 12000
3 20064
1 16680
3 12696
2 15408
3 12576
2 16152
2 20808
3 13176
3 13680
3 6408
3 16104
1 8448
1 14304
3 16752
1 21192
2 4776
1 1248
3 11448
2 21408
1 20880
3 13464
3 17904
3 21072
2 4896
1 1608
2 5064
2 12576
2 11184
1 3720
3 1776
3 2904
1 18312
2 15696
3 2328
3 9552
3 16320
3 7488
1 2304
2 4512
3 20760
1 3672
2 6744
1 13776
1 12768
1 13464
1 2040
1 11016
2 9216
2 14568
1 1056
2 13440
1 3456
3 8712
1 720
2 10296
1 1464
1 18216
2 648
2 16776
2 3984
2 21000
2 1008
2 4200
2 17184
3 816
2 1968
1 6984
3 6312
2 7032
3 19632
2 8448
3 10536
3 9288
3 17160
1 14136
1 12096
1 3264
1 7920
1 10968
2 19896
2 8424
3 3528
3 16344
2 14712
1 3600
1 9576
1 16848
2 17160
3 9528
1 9216
3 16896
1 9624
1 15504
1 21336
1 936
2 18816
1 18456
2 11664
1 5328
1 15816
1 9744
1 1152
1 10152
3 2784
1 7704
3 21384
3 4608
2 13296
1 9264
3 12960
1 15696
1 2664
1 16824
2 3744
2 19992
2 9864
1 13320
2 11424
2 3336
3 6336
3 4032
3 12456
1 7680
1 10992
3 11424
3 18552
1 9768
3 11472
3 16512
2 8088
1 13128
1 11256
2 4320
2 20784
1 7632
2 18264
2 16008
3 1560
3 19824
2 14592
1 14976
3 2352
1 7128
1 18672
1 10368
3 1992
3 696
1 9240
1 2616
1 18552
3 4224
1 14016
1 3552
1 4632
3 4320
1 8304
3 17088
3 14040
1 8688
2 12144
3 18720
2 2928
1 5232
2 8736
2 7752
2 19824
1 18264
2 13368
3 3888
3 16464
3 11304
2 20304
3 19728
1 9336
1 15456
1 8136
2 10392
2 18024
2 3096
1 9912
2 3168
2 4056
2 8712
2 4608
2 21240
1 4464
1 20136
2 4656
1 7944
2 17448
2 20616
2 16872
1 7008
3 4488
1 15936
1 2808
3 2448
2 17904
2 2376
1 21168
1 20352
2 1488
1 14904
3 7056
3 5520
2 21432
1 17952
2 17592
3 10464
1 2496
1 7872
1 20928
1 11232
2 3648
1 16392
3 17496
3 11400
1 8400
2 6936
1 8016
2 15768
1 7272
3 2640
2 14016
2 9504
2 5352
2 12480
1 1776
2 7152
1 4416
3 9336
3 2208
2 1104
2 9360
3 7200
2 8832
3 12360
1 18624
2 20640
3 13224
3 3072
2 15144
2 936
2 5592
1 15792
2 11040
1 5016
1 1992
2 19872
3 10728
1 11664
2 18624
2 12288
2 13968
3 7104
2 14880
2 17088
3 4128
3 7608
2 17616
3 8400
3 18576
3 8616
1 11880
1 7368
2 3024
2 11376
3 4344
1 4680
3 20880
3 2304
2 14424
1 8880
1 2184
3 14184
1 1224
1 1128
2 7824
3 20640
2 5424
2 2904
1 5208
1 4296
1 4152
3 1512
2 6552
1 11208
3 20568
3 9504
1 2952
2 4176
2 13224
2 5304
3 6432
2 19944
2 1344
3 9048
3 21048
2 1920
2 5736
1 3096
1 11976
1 11376
2 17424
3 7848
2 20256
1 9960
2 19968
1 12792
1 4992
2 17496
3 10632
2 9984
2 9024
2 14616
2 16392
3 9408
3 15888
1 16056
3 16824
3 12000
1 7992
2 18528
2 20568
2 15864
3 8232
3 13944
3 18264
2 20832
2 8952
3 8496
1 19944
1 11688
2 8160
1 9000
2 11088
3 8424
3 10512
2 15624
3 1728
3 20208
2 21288
2 15960
1 7824
3 4272
2 4392
1 20448
2 12432
3 8304
1 4512
1 14592
3 10872
1 21024
2 21048
2 4104
1 15096
1 7392
2 1560
1 8784
3 3096
1 15192
1 10272
3 4200
2 6960
3 2472
2 20496
1 4752
3 18936
1 1416
3 2664
2 3720
2 18648
1 19824
2 2952
1 8208
2 13536
3 2424
2 11760
2 7272
2 4488
3 18624
2 3936
2 13680
3 8352
3 18336
1 864
1 1392
3 1392
3 18888
3 14256
2 8568
1 960
3 8544
1 2400
3 1416
1 1008
3 11880
1 21528
2 11784
2 8064
1 10488
2 8304
2 20424
1 7488
2 2424
1 11472
3 7152
2 12528
3 13536
2 14352
3 10416
1 14616
2 18456
3 7920
2 9144
3 6936
3 3456
1 9672
3 12240
1 8520
2 21504
2 11976
1 14808
3 2136
1 18744
1 11064
1 20040
1 3192
2 11904
2 14448
2 720
2 14088
1 19056
2 16824
1 2280
2 8856
1 18960
2 3600
2 4584
2 21072
2 18168
1 9936
2 4800
1 17784
3 14376
3 18456
2 1392
1 4608
1 9360
2 7848
2 18336
3 5760
3 11496
1 1584
1 20304
1 14040
2 10776
3 11664
3 9144
1 20232
1 9792
2 15096
2 18984
2 10152
3 16440
3 3960
2 4344
3 16848
1 20064
1 7104
1 16416
1 18120
1 10560
2 6600
3 17784
